1 1 80400000
1 2 90000000
1 3 90000020
1 4 90000040
1 5 9004CDA0
1 6 90181300
2 2 80614680
2 3 90365100
2 4 90365120
2 5 90365140
2 6 903654C0
2 7 9038B860
3 3 9038E180
3 4 9038E1A0
3 5 9038E1C0
3 6 9038E1E0
3 7 905B04C0
4 3 905B1000
4 4 905B1020
4 5 905B1040
4 6 905B1060
5 2 8061F2E0
5 3 907D93A0
5 4 907D93C0
5 5 907D93E0
5 6 907DCCA0
5 7 90B4D0A0
6 2 8064C8A0
6 3 90B4D1A0
6 4 90B4D1C0
6 5 90B4D1E0
6 6 90B4F2A0
6 7 90DF1520
7 2 80668D80
7 3 90DF3940
7 4 90DF3960
7 5 90DF3980
7 6 90DF5460
7 7 90F2A680
8 2 8067F040
8 3 90F2A820
8 4 90F2A840
8 5 90F2A860
8 6 90F2A900
9 2 80680620
9 3 90F2AF20
9 4 90F2AF40
9 5 90F2AF60
9 6 90F2D280
9 7 911D22C0
10 2 806AC1C0
10 3 911D2740
10 4 911D2760
10 5 911D2780
10 6 911D3160
10 7 9132C180
11 2 806B7D40
11 3 9132C440
11 4 9132C460
11 5 9132C480
11 6 9132C9A0
11 7 91471F20
12 2 806BE7E0
12 3 91472060
12 4 91472080
12 5 914720A0
12 6 91475200
12 7 9148C760
13 2 80716F60
13 3 914AABA0
13 4 914AABC0
13 5 914AABE0
13 6 914AF4C0
13 7 91535F00
14 2 8071D540
14 3 91536120
14 4 91536140
14 5 91536160
14 6 91536700
14 7 91802F00
15 2 80733F00
15 3 91804240
15 4 91804260
15 5 91804280
15 6 918043A0
15 7 91830F20
16 2 8073A880
16 3 91830F60
16 4 91830F80
16 5 91830FA0
16 6 918322C0
16 7 91A8F760
17 2 8075A280
17 3 91A8FCC0
17 4 91A8FCE0
17 5 91A8FD00
17 6 91A90B40
17 7 91C025E0
18 2 80774B80
18 3 91C026C0
18 4 91C026E0
18 5 91C02700
18 6 91C038A0
18 7 91D433A0
19 2 8078B6C0
19 3 91D435A0
19 4 91D435C0
19 5 91D435E0
19 6 91D44840
19 7 91F2E6A0
20 2 807A8060
20 3 91F2E8C0
20 4 91F2E8E0
20 5 91F2E900
20 6 91F2FDC0
20 7 921BE340
21 2 807D4740
21 3 921BE500
21 4 921BE520
21 5 921BE540
21 6 921C0000
21 7 923CDB80
22 2 807FD5A0
22 3 923CFBC0
22 4 923CFBE0
22 5 923CFC00
22 6 923D0DE0
22 7 92594D00
23 2 8081A580
23 3 9259EC20
23 4 9259EC40
23 5 9259EC60
23 6 925A01E0
23 7 928079C0
24 2 8083F8E0
24 3 92907E00
24 4 92907E20
24 5 92907E40
24 6 929099A0
24 7 92B5E840
25 2 8088ACA0
25 3 92B5EC40
25 4 92B5EC60
25 5 92B5EC80
25 6 92B60060
25 7 92DDEB80
26 2 808B91C0
26 3 92DDFB60
26 4 92DDFB80
26 5 92DDFBA0
26 6 92DE1960
26 7 93017100
27 2 808ED060
27 3 93017800
27 4 93017820
27 5 93017840
27 6 93017B20
27 7 9303E7A0
28 3 9303F680
28 4 9303F6A0
28 5 9303F6C0
28 6 9303F6E0
29 1 808F2D00
29 2 930D32A0
29 3 930D32C0
29 4 930D32E0
29 5 930D3300
30 3 9316C960
30 4 9316C980
30 5 9316C9A0
30 6 9316C9C0
31 1 808F2D40
31 2 931A7840
31 3 931A7860
31 4 931A7880
31 5 931A78A0
32 1 808F2D80
32 2 93201E80
32 3 93201EA0
32 4 93201EC0
32 5 93201EE0
33 2 808F2DC0
33 3 93279C00
33 4 93279C20
33 5 93279C40
33 6 93279CA0
34 3 932AF460
34 4 932AF480
34 5 932AF4A0
34 6 932AF4C0
35 3 932EF300
35 4 932EF320
35 5 932EF340
35 6 932EF360
36 1 808F5120
36 2 933178E0
36 3 93317900
36 4 93317920
36 5 9331B2C0
36 6 93353A40
37 1 80915400
37 2 93353B60
37 3 93353B80
37 4 93353BA0
37 5 9335A580
37 6 934B87E0
38 1 8097C1A0
38 2 9351B4E0
38 3 9351B500
38 4 9351B520
38 5 9351B540
39 2 8097C200
39 3 93732FC0
39 4 93732FE0
39 5 93733000
39 6 937331E0
40 1 8097E6C0
40 2 93750140
40 3 93750160
40 4 93750180
40 5 93750C60
40 6 9376B520
41 1 809834E0
41 2 9376B540
41 3 9376B560
41 4 9376B580
41 5 9376C2E0
41 6 937AAD60
42 1 80987680
42 2 937AADA0
42 3 937AADC0
42 4 937AADE0
42 5 937AAE60
42 6 937DFE60
43 1 80987B80
43 2 937DFE80
43 3 937DFEA0
43 4 937DFEC0
43 5 937DFF20
43 6 937E0040
44 1 809880E0
44 2 937E0060
44 3 937E0080
44 4 937E00A0
44 5 937E00C0
45 1 80988180
45 2 9380E5A0
45 3 9380E5C0
45 4 9380E5E0
45 5 9380E600
46 1 80988220
46 2 9383CAE0
46 3 9383CB00
46 4 9383CB20
46 5 9383CB40
47 1 809882C0
47 2 9386B380
47 3 9386B3A0
47 4 9386B3C0
47 5 9386BF20
47 6 9386D7A0
48 1 80991C00
48 2 9386D840
48 3 9386D860
48 4 9386D880
48 5 9386EE80
48 6 9388B120
49 1 8099A1C0
49 2 9388BAE0
49 3 9388BB00
49 4 9388BB20
49 5 9388E9E0
49 6 9394DDA0
50 1 809C85C0
50 2 93951380
50 3 939513A0
50 4 939513C0
50 5 93954F20
50 6 93958980
51 2 809FC780
51 3 93958E20
51 4 93958E40
51 5 93958E60
51 6 939591C0
51 7 939C38A0
52 2 80A04780
52 3 939C3A00
52 4 939C3A20
52 5 939C3A40
52 6 939C3EE0
52 7 93A3B900
53 2 80A106E0
53 3 93A402C0
53 4 93A402E0
53 5 93A40300
53 6 93A40B00
53 7 93A9D8E0
54 2 80A1E440
54 3 93A9DA00
54 4 93A9DA20
54 5 93A9DA40
54 6 93A9E020
54 7 93C505A0
55 2 80A2CDE0
55 3 93C519E0
55 4 93C51A00
55 5 93C51A20
55 6 93C521E0
55 7 93DB89E0
56 2 80A41040
56 3 93DB95E0
56 4 93DB9600
56 5 93DB9620
56 6 93DB9B00
56 7 93E4B220
57 2 80A4C540
57 3 93E4B360
57 4 93E4B380
57 5 93E4B3A0
57 6 93E4BD20
57 7 93ECA900
58 2 80A5BC00
58 3 93ECAEC0
58 4 93ECAEE0
58 5 93ECAF00
58 6 93ECB3E0
58 7 93F2AE60
59 2 80A71CA0
59 3 93F2C1E0
59 4 93F2C200
59 5 93F2C220
59 6 93F2C380
59 7 93F78640
60 1 80A76860
60 2 93F78680
60 3 93F786A0
60 4 93F786C0
60 5 93F78C20
60 6 93FAE020
61 1 80A87620
61 2 93FAF2C0
61 3 93FAF2E0
61 4 93FAF300
61 5 93FAF980
61 6 93FED8E0
62 1 80A9B200
62 2 93FEEE60
62 3 93FEF300
62 4 93FFFE40
63 1 80AA02E0
63 2 93FFFEA0
63 3 940000A0
63 4 940274C0
64 1 80AA5000
64 2 94027600
64 3 94027940
64 4 9403B7E0
65 1 80AA71C0
65 2 9403B800
65 3 9403B900
65 4 94041E20
66 1 80AA9180
66 2 94041E40
66 3 94042320
66 4 94099060
67 1 80AB5260
67 2 94099340
67 3 94099A60
67 4 941087E0
68 1 80AC3EE0
68 2 94108AE0
68 3 94109060
68 4 9413CA40
69 1 80ACB480
69 2 9413CB60
69 3 9413D0A0
69 4 94194460
70 1 80AD6840
70 2 941946C0
70 3 94194920
70 4 941B8E20
71 1 80ADDB00
71 2 941B8F20
71 3 941B9840
71 4 941D32A0
72 1 80AE1780
72 2 941D32C0
72 3 941D3400
72 4 941DF140
73 1 80AE2D80
73 2 941DF160
73 3 941DF360
73 4 94210840
74 1 80AE6760
74 2 94210860
74 3 94210C60
74 4 94223780
75 1 80AEA8A0
75 2 942237A0
75 3 94223820
76 1 80AEADE0
76 2 942277C0
76 3 94227900
76 4 9425D0C0
77 1 80AEDA00
77 2 9425D0E0
77 3 9425D3C0
77 4 9429DB80
78 1 80AF2AA0
78 2 9429DBC0
78 3 9429DF60
78 4 942CF900
79 1 80AF6E40
79 2 942CF960
79 3 942D00C0
79 4 9430BEA0
80 1 80B00160
80 2 9430BFE0
80 3 9430C260
80 4 943300A0
81 1 80B03500
81 2 943300C0
81 3 94330300
81 4 94363320
82 1 80B08FA0
82 2 94363440
82 3 94363720
82 4 94370BA0
83 1 80B0D940
83 2 94370CA0
83 3 94370E60
83 4 94385B80
84 1 80B11200
84 2 94385BA0
84 3 94385D40
84 4 94389F00
85 1 80B14E40
85 2 94389F20
85 3 94389FC0
85 4 9438CFC0
86 1 80B15D00
86 2 9438CFE0
86 3 9438D180
86 4 943B5DE0
87 1 80B17AC0
87 2 943B5E20
87 3 943B6000
87 4 943CCE40
88 1 80B1C6E0
88 2 943CCF60
88 3 943CD1C0
88 4 943D1080
89 1 80B1FFE0
89 2 943D10A0
89 3 943D15E0
89 4 943EE7A0
90 1 80B28360
90 2 943EE900
90 3 943EEAE0
91 1 80B2B3C0
91 2 944062E0
91 3 944063C0
91 4 9441DCA0
92 1 80B2D100
92 2 9441DCC0
92 3 9441DDA0
92 4 94432300
93 1 80B2DEE0
93 2 94432320
93 3 94432820
93 4 9447B020
94 1 80B380A0
94 2 9447B1A0
94 3 9447B460
94 4 944C1EC0
95 1 80B3D920
95 2 944C1F40
95 3 944C2020
95 4 944D0BC0
96 1 80B3ED80
96 2 944D0C20
96 3 944D0D40
96 4 944D7200
97 1 80B407C0
97 2 944D7220
97 3 944D7700
97 4 9453F580
98 1 80B4C7A0
98 2 9453F860
98 3 9453FFE0
98 4 945BA6C0
99 1 80B5BC80
99 2 945BA9C0
99 3 945BAD80
99 4 945DC860
100 1 80B639E0
100 2 945DC9A0
100 3 945DCBC0
101 1 80B66A80
101 2 945EA000
101 3 945EA520
101 4 946426C0
102 1 80B71D60
102 2 94642920
102 3 94642B80
102 4 946670C0
103 1 80B78FC0
103 2 946671C0
103 3 94667600
103 4 94682680
104 1 80B7D2C0
104 2 94682720
104 3 94682980
104 4 94698080
105 1 80B7F100
105 2 946980A0
105 3 94698160
106 1 80B7FB40
106 2 946A7400
106 3 946A7540
106 4 946BF620
107 1 80B82C80
107 2 946BF640
107 3 946BF6C0
107 4 946C2120
108 1 80B83AC0
108 2 946C2140
108 3 946C22E0
108 4 946D9660
109 1 80B85860
109 2 946D9680
109 3 946D9840
109 4 94702700
110 1 80B89940
110 2 94702720
110 3 94702920
110 4 94729620
111 1 80B8E540
111 2 947296A0
111 3 94729A80
111 4 947581C0
112 1 80B92B00
112 2 94758220
112 3 947587A0
112 4 94790DA0
113 1 80B9B5A0
113 2 94790EC0
113 3 94791120
113 4 947B6260
114 1 80B9ECA0
114 2 947B62A0
114 3 947B6800
114 4 947ECAE0
115 1 80BA9E00
115 2 947ECC40
115 3 947ED000
115 4 94800EC0
116 1 80BAEA40
116 2 94801020
116 3 948012A0
116 4 9481FFA0
117 1 80BB6260
117 2 94820100
117 3 94820540
117 4 94829280
118 1 80BB7C40
118 2 948292C0
118 3 94829740
118 4 94843B60
119 1 80BBCBC0
119 2 94843BA0
119 3 94843BC0
120 1 80BBCC00
120 2 94843C00
120 3 94843CE0
120 4 9485B5E0
121 1 80BBE940
121 2 9485B600
121 3 9485B6A0
121 4 94864E00
122 1 80BBFC40
122 2 94864E20
122 3 94864EE0
122 4 94876F40
123 1 80BC0860
123 2 94876F60
123 3 94876FC0
123 4 94876FE0
124 1 80BC13C0
124 2 94877000
124 3 94877340
124 4 948DE440
125 1 80BC80C0
125 2 948DE4E0
125 3 948DE7A0
125 4 94910D20
126 1 80BCD560
126 2 94910D60
126 3 94911200
126 4 949275C0
127 1 80BD1A40
127 2 949275E0
127 3 94927A80
127 4 94949DE0
128 1 80BD6B40
128 2 94949E00
128 3 9494A000
128 4 9498AB80
129 1 80BDBB20
129 2 9498ABA0
129 3 9498AF40
129 4 949B0FA0
130 1 80BE1240
130 2 949B0FC0
130 3 949B10A0
130 4 949B2C60
131 1 80BE4E80
131 2 949B2C80
131 3 949B2D80
131 4 949B2F40
132 1 80BE7F40
132 2 949B2F60
132 3 949B33E0
132 4 949FA920
133 1 80BF0380
133 2 949FAA60
133 3 949FAEA0
133 4 94A30C00
134 1 80BF8DC0
134 2 94A30D20
134 3 94A31140
134 4 94A56FE0
135 1 80BFDC80
135 2 94A57020
135 3 94A57040
136 1 80BFDCC0
136 2 94A57080
136 3 94A57100
136 4 94A59E40
137 1 80BFEB00
137 2 94A59E60
137 3 94A5A000
137 4 94A959C0
138 1 80C03CA0
138 2 94A95A00
138 3 94A95A80
138 4 94AA9BA0
139 1 80C04B80
139 2 94AA9BC0
139 3 94AA9CA0
139 4 94ABB240
140 1 80C07AA0
140 2 94ABB260
140 3 94ABB320
140 4 94ACA6C0
141 1 80C0A9C0
141 2 94ACA6E0
141 3 94ACAD00
141 4 94B14E60
142 1 80C0F240
142 2 94B14E80
142 3 94B152C0
142 4 94B5AEC0
143 1 80C14B80
143 2 94B5AF00
143 3 94B5B040
143 4 94B868A0
144 1 80C178E0
144 2 94B868C0
144 3 94B86D80
144 4 94BCC420
145 1 80C20B20
145 2 94BCC5A0
145 3 94BCC640
146 1 80C217E0
146 2 94BD35E0
146 3 94BD3660
146 4 94BDAD00
147 1 80C22900
147 2 94BDAD20
147 3 94BDADC0
147 4 94BDD240
148 1 80C23860
148 2 94BDD260
148 3 94BDD340
148 4 94BF5F40
149 1 80C24C80
149 2 94BF5F60
149 3 94BF6000
149 4 94BF8A80
150 1 80C25BE0
150 2 94BF8AA0
150 3 94BF8DC0
150 4 94C36080
151 1 80C2BD40
151 2 94C361A0
151 3 94C36420
151 4 94C4ED80
152 1 80C2DE40
152 2 94C4EDA0
152 3 94C4EE00
152 4 94C51FA0
153 1 80C2E820
153 2 94C51FC0
153 3 94C52260
153 4 94C6F8C0
154 1 80C31F80
154 2 94C6F8E0
154 3 94C6FE20
154 4 94CC72E0
155 1 80C3D480
155 2 94CC7540
155 3 94CC77A0
155 4 94CEBDA0
156 1 80C44780
156 2 94CEBEA0
156 3 94CEBF20
156 4 94CEDF40
157 1 80C45700
157 2 94CEDF60
157 3 94CEDFE0
157 4 94CEE100
158 1 80C46520
158 2 94CEE120
158 3 94CEE2E0
158 4 94D165A0
159 1 80C48D80
159 2 94D165E0
159 3 94D16A20
159 4 94D3FC20
160 1 80C4F460
160 2 94D3FC60
160 3 94D3FD40
160 4 94D3FEE0
161 1 80C50540
161 2 94D3FF00
161 3 94D3FF80
162 1 80C50900
162 2 94D401C0
162 3 94D40260
162 4 94D460A0
163 1 80C51A60
163 2 94D460C0
163 3 94D46160
163 4 94D4B7C0
164 1 80C528E0
164 2 94D4B7E0
164 3 94D4B980
164 4 94D72FA0
165 1 80C56780
165 2 94D72FC0
165 3 94D73060
165 4 94D731C0
166 1 80C57920
166 2 94D731E0
166 3 94D73420
166 4 94D85CA0
167 1 80C5C800
167 2 94D85DA0
167 3 94D85FA0
167 4 94D923A0
168 1 80C5E2A0
168 2 94D923E0
168 3 94D924C0
168 4 94D99760
169 1 80C5F240
169 2 94D99780
169 3 94D997A0
170 1 80C5F280
170 2 94D997E0
170 3 94D99A80
170 4 94DA6220
171 1 80C62140
171 2 94DA6260
171 3 94DA6360
171 4 94DA8E40
172 1 80C63AC0
172 2 94DA8E60
172 3 94DA8F40
172 4 94DB0E40
173 1 80C64C80
173 2 94DB0E60
173 3 94DB0FE0
173 4 94DC2E60
174 1 80C671A0
174 2 94DC2E80
174 3 94DC2F80
174 4 94DD6500
175 1 80C684A0
175 2 94DD6520
175 3 94DD65A0
175 4 94DD9400
176 1 80C69060
176 2 94DD9420
176 3 94DD9520
176 4 94DEDE00
177 1 80C6A540
177 2 94DEDE20
177 3 94DEDFC0
177 4 94E0DF00
178 1 80C6E500
178 2 94E0DFA0
178 3 94E0E140
178 4 94E28000
179 1 80C72180
179 2 94E28060
179 3 94E282A0
179 4 94E78980
180 1 80C77580
180 2 94E789C0
180 3 94E78A40
180 4 94E79E40
181 1 80C78580
181 2 94E79E60
181 3 94E79FC0
181 4 94E7A260
182 1 80C79D80
182 2 94E7A280
182 3 94E7A5A0
182 4 94E9F5A0
183 1 80C80700
183 2 94E9F600
183 3 94E9F8A0
183 4 94EFD100
184 1 80C868E0
184 2 94EFD160
184 3 94EFD400
184 4 94F12500
185 1 80C87460
185 2 94F12520
185 3 94F12740
185 4 94F4AB60
186 1 80C89DE0
186 2 94F4AB80
186 3 94F4ABE0
187 1 80C8A120
187 2 94F5FD40
187 3 94F600A0
187 4 94F86080
188 1 80C8F680
188 2 94F860A0
188 3 94F86100
189 1 80C8F9E0
189 2 94F86340
189 3 94F86540
189 4 94FACEE0
190 1 80C93E60
190 2 94FACFE0
190 3 94FAD400
190 4 94FEAAE0
191 1 80C9DDE0
191 2 94FEAC40
191 3 94FEB5E0
191 4 94FED040
192 1 80CA82E0
192 2 94FED0A0
192 3 94FED180
192 4 94FF4800
193 1 80CA9740
193 2 94FF4820
193 3 94FF4D60
193 4 9504A340
194 1 80CB1820
194 2 9504A400
194 3 9504A880
194 4 950AAFE0
195 1 80CBAA20
195 2 950AB120
195 3 950AB580
196 1 80CBAD40
196 2 950AB800
196 3 950AB8E0
196 4 950B39A0
197 1 80CBDAA0
197 2 950B39C0
197 3 950B3B40
197 4 950CDFA0
198 1 80CC13C0
198 2 950CDFC0
198 3 950CE600
198 4 950D8B20
199 1 80CC3EC0
199 2 950D8B40
199 3 950D8BE0
200 1 80CC4480
200 2 950D8F40
200 3 950D9020
200 4 950E3100
201 1 80CC7120
201 2 950E3120
201 3 950E31E0
201 4 950F23C0
202 1 80CC87A0
202 2 950F23E0
202 3 950F2460
202 4 950F2540
203 1 80CC95A0
203 2 950F2560
203 3 950F2760
203 4 95108AA0
204 1 80CCB8E0
204 2 95108AC0
204 3 95108B80
204 4 9510E180
205 1 80CCCE60
205 2 9510E1A0
205 3 9510E7C0
205 4 951521A0
206 1 80CD7E20
206 2 951523E0
206 3 951524A0
206 4 9516EA80
207 1 80CD99C0
207 2 9516EAA0
207 3 9516EB80
207 4 95175D60
208 1 80CDC220
208 2 95175D80
208 3 95175DA0
209 1 80CDC260
209 2 95175DE0
209 3 951765A0
209 4 951A97A0
210 1 80CE55A0
210 2 951A97C0
210 3 951A98A0
210 4 951B6700
211 1 80CE85E0
211 2 951B6720
211 3 951B67A0
211 4 951BC940
212 1 80CE9B20
212 2 951BC960
212 3 951BCAE0
212 4 951C8AA0
213 1 80CEE580
213 2 951C8BC0
213 3 951C8DE0
213 4 951EEFE0
214 1 80CF43C0
214 2 951EF100
214 3 951EF200
214 4 951FF560
215 1 80CF5520
215 2 951FF580
215 3 951FF880
215 4 95230F00
216 1 80CFF8C0
216 2 95231020
216 3 952310A0
216 4 952351A0
217 1 80D006A0
217 2 952351C0
217 3 952355C0
217 4 952A6560
218 1 80D09780
218 2 952A65E0
218 3 952A6720
218 4 952B9C60
219 1 80D0BDA0
219 2 952B9C80
219 3 952B9D60
219 4 952C0760
220 1 80D0D1A0
220 2 952C0780
220 3 952C0A20
220 4 952E2520
221 1 80D0FF80
221 2 952E2580
221 3 952E26E0
221 4 9530F740
222 1 80D11CC0
222 2 9530F760
222 3 9530FBA0
222 4 95352DA0
223 1 80D1D980
223 2 95352F00
223 3 95353540
223 4 953B4E60
224 1 80D2A6A0
224 2 953B50E0
224 3 953B5400
224 4 953DF880
225 1 80D31200
225 2 953DF900
225 3 953DF980
226 1 80D317E0
226 2 953E4F60
226 3 953E4FA0
227 1 80D31A40
227 2 953E5240
227 3 953E52E0
228 1 80D322E0
228 2 953EBBA0
228 3 953EBBC0
229 1 80D323E0
229 2 953EBCE0
229 3 953EBD80
229 4 953ED740
230 1 80D32C60
230 2 953ED760
230 3 953ED7C0
231 1 80D32FE0
231 2 953EDAC0
231 3 953EDAE0
232 1 80D33080
232 2 953EDC60
232 3 953EDCC0
233 1 80D336A0
233 2 953F3280
233 3 953F32C0
234 1 80D33900
234 2 953F35C0
234 3 953F3660
235 1 80D341C0
235 2 953F9F00
235 3 953F9F20
236 1 80D342C0
236 2 953FA020
236 3 953FA0C0
236 4 953FBA80
237 1 80D34BE0
237 2 953FBAA0
237 3 953FBAE0
238 1 80D34EE0
238 2 953FBBC0
238 3 953FBBE0
239 1 80D35060
239 2 953FBCE0
239 3 953FBD00
240 1 80D351A0
240 2 953FBEA0
240 3 953FBEE0
241 1 80D35380
241 2 953FC140
241 3 953FC160
242 1 80D35420
242 2 953FC280
242 3 953FC2A0
243 1 80D35540
243 2 953FC660
243 3 953FC6A0
244 1 80D358A0
244 2 953FCA20
244 3 953FCB40
244 4 95411DC0
245 1 80D37040
245 2 95411DE0
245 3 95411E00
246 1 80D370E0
246 2 95411F80
246 3 954122A0
246 4 954695E0
247 1 80D3FBA0
247 2 95469740
247 3 954697A0
247 4 95473CA0
248 1 80D40860
248 2 95473CC0
248 3 95473D40
248 4 9547F300
249 1 80D41860
249 2 9547F320
249 3 9547F3E0
249 4 9548C460
250 1 80D43620
250 2 9548C480
250 3 9548C4E0
250 4 95495A80
251 1 80D44320
251 2 95495AA0
251 3 95495B20
251 4 9549EDC0
252 1 80D45020
252 2 9549EDE0
252 3 9549EEE0
252 4 954A9580
253 1 80D4A7E0
253 2 954A95A0
253 3 954A96A0
253 4 954B4120
254 1 80D4FF60
254 2 954B4140
254 3 954B41C0
254 4 954BD760
255 1 80D50CA0
255 2 954BD780
255 3 954BD7E0
255 4 954C70C0
256 1 80D519C0
256 2 954C70E0
256 3 954C71C0
256 4 954D1E20
257 1 80D570C0
257 2 954D1E40
257 3 954D1F40
257 4 954DC4C0
258 1 80D5C840
258 2 954DC4E0
258 3 954DC5E0
258 4 954E6E60
259 1 80D61F80
259 2 954E6E80
259 3 954E6F80
259 4 954F1940
260 1 80D676C0
260 2 954F1960
260 3 954F19A0
261 1 80D677C0
261 2 954F19C0
261 3 954F1A00
262 1 80D678C0
262 2 954F1A20
262 3 954F1A60
263 1 80D67A40
263 2 954F1A80
263 3 954F1AC0
264 1 80D67BC0
264 2 954F1AE0
264 3 954F1B20
265 1 80D67D20
265 2 954F1B40
265 3 954F1B80
266 1 80D67E80
266 2 954F1BA0
266 3 954F1BE0
267 1 80D67FE0
267 2 954F1C00
267 3 954F1CC0
267 4 95504260
268 2 80D6B120
268 3 95504280
268 4 955042A0
268 5 955042C0
268 6 95504F20
268 7 955079E0
